[100.0, 100.0, 125.98076, 115.0, 85.0, 125.98076, 110.98076, 140.98076]
[100.0, 100.0, 125.98076, 115.0, 85.0, 125.98076, 110.98076, 140.98076]


RectF(63.660255, 122.32051, 176.60254, 227.94229)
RectF(63.660255, 122.32051, 176.60254, 227.94229)

RectF(1945.0704, 3548.9678, 4100.448, 14827.574)
RectF(1945.0704, 3548.9678, 4100.448, 14827.574)

[131.69873, 81.69873, 157.67949, 96.69873, 116.69873, 107.67949, 142.67949, 122.67949]
RectF(95.358986, 104.01924, 208.30127, 209.64102)
100.0


[131.69873, 81.69873, 157.67949, 96.69873, 116.69873, 107.67949, 142.67949, 122.67949]
RectF(95.358986, 104.01924, 208.30127, 209.64102)
218.39633

Matrix{[43.4641, 67.28203, 4662.6934][435.5127, -245.66988, 51257.86][0.0, 0.0, 1.0]}
Matrix{[43.4641, 67.28203, 4662.6934][435.5127, -245.66988, 51257.86][0.0, 0.0, 1.0]}

Matrix{[43.4641, 67.28203, 4662.6934][435.5127, -245.66988, 51257.86][0.0, 0.0, 1.0]}


postRotate:694
postTranslate:1314
postSkew:473
postScale:461
Matrix{[NaN, NaN, NaN][NaN, NaN, NaN][0.0, 0.0, 1.0]}

postRotate:146
postTranslate:30
postSkew:221
postScale:59
Matrix{[NaN, NaN, NaN][NaN, NaN, NaN][NaN, NaN, NaN]}

postRotate:669
postTranslate:335
postSkew:484
postScale:510
Matrix{[NaN, NaN, NaN][NaN, NaN, NaN][0.0, 0.0, 1.0]}
preScale:558
preRotate:546
preTranslate:269
preTranslate:394
Matrix{[NaN, NaN, NaN][NaN, NaN, NaN][0.0, 0.0, 1.0]}

postRotate:151
postTranslate:31
postSkew:223
postScale:58
Matrix{[NaN, NaN, NaN][NaN, NaN, NaN][NaN, NaN, NaN]}
preScale:92
preRotate:151
preTranslate:525
preTranslate:89
Matrix{[NaN, NaN, NaN][NaN, NaN, NaN][NaN, NaN, NaN]}

Matrix{[43.4641, 67.28203, 4662.6934][435.5127, -245.66988, 51257.86][0.0, 0.0, 1.0]}
Matrix{[11748.136, 7933.5435, -777036.9][-47705.117, 59566.043, -381610.5][0.0, 0.0, 1.0]}

Matrix{[43.4641, 67.28203, 4662.6934][435.5127, -245.66988, 51257.86][0.0, 0.0, 1.0]}
Matrix{[11748.136, 7933.5435, -777036.9][-47705.113, 59566.043, -381610.5][0.0, 0.0, 1.0]}

[-777036.9, -381610.5, -424592.8, -1812763.9, -539030.56, 1405370.8, -186586.5, -25782.625]
[-777036.9, -381610.5, -424592.8, -1812764.0, -539030.56, 1405370.8, -186586.5, -25782.75]


Matrix{[43.4641, 67.28203, 4662.6934][435.5127, -245.66988, 51257.86][0.0, 0.0, 1.0]}
Matrix{[11748.136, 7933.5435, -777036.9][-47705.113, 59566.043, -381610.5][0.0, 0.0, 1.0]}
[-777036.9, -381610.5, -424592.8, -1812763.9, -539030.56, 1405370.8, -186586.5, -25782.625]
RectF(-500884.63, -3960801.0, 1111795.8, 4502282.5)
5433550.0

Matrix{[43.4641, 67.28203, 4662.6934][435.5127, -245.66988, 51257.86][0.0, 0.0, 1.0]}
Matrix{[11748.136, 7933.5435, -777036.9][-47705.117, 59566.043, -381610.5][0.0, 0.0, 1.0]}
[-777036.9, -381610.5, -424592.8, -1812764.0, -539030.56, 1405370.8, -186586.5, -25782.75]
RectF(-500884.62, -3960801.0, 1111795.6, 4502282.5)
7590011.0

Matrix{[1.0, 0.0, 0.0][0.0, 1.0, 0.0][0.0, 0.0, 1.0]}
Matrix{[0.9396926, -0.34202015, 0.0][0.34202015, 0.9396926, 0.0][0.0, 0.0, 1.0]}
Matrix{[0.9396926, -0.34202015, 0.0][0.34202015, 0.9396926, 0.0][0.0, 0.0, 1.0]}
Matrix{[0.7660444, -0.64278764, 0.0][0.64278764, 0.7660444, 0.0][0.0, 0.0, 1.0]}
Matrix{[0.7660444, -0.64278764, 0.0][0.64278764, 0.7660444, 0.0][0.0, 0.0, 1.0]}

Matrix{[7.464102, 4.928203, 940.38477][15.49038, -3.169873, 1933.9746][0.0, 0.0, 1.0]}
Matrix{[118.36763, 105.71525, -7169.235][-1.592186, 125.30184, -1449.8157][0.0, 0.0, 1.0]}
mapPoints:0
[-7169.235, -1449.8157, -3618.206, -1497.5813, -3997.7773, 2309.2395, -446.74854, 2261.4739]
mapRect:1
RectF(-3871.2534, 897.00256, 14181.9, 9811.429)
mapRadius:0
13930.873



Matrix{[7.464102, 4.928203, 940.38477][15.49038, -3.169873, 1933.9746][0.0, 0.0, 1.0]}
Matrix{[118.36763, 105.71525, -7169.2344][-1.592186, 125.30184, -1449.8157][0.0, 0.0, 1.0]}
mapPoints:0
[-7169.2344, -1449.8157, -3618.2056, -1497.5813, -3997.7769, 2309.2395, -446.74805, 2261.4739]
mapRect:1
RectF(-3871.2532, 897.0027, 14181.9, 9811.429)
Vector:[4667.5283, -1609.0343, 3402.29, 11080.369]
mapRadius:0
7564.755


Matrix{[7.464102, 4.928203, 940.38477][15.49038, -3.169873, 1933.9746][0.0, 0.0, 1.0]}
Matrix{[118.36763, 105.71525, -7169.235][-1.592186, 125.30184, -1449.8157][0.0, 0.0, 1.0]}
mapPoints:0
[-7169.235, -1449.8157, -3618.206, -1497.5813, -3997.7773, 2309.2395, -446.74854, 2261.4739]
mapRect:0
RectF(-3871.2534, 897.00256, 14181.9, 9811.429)
Vector:[11836.763, -159.2186, 10571.524, 12530.185]
mapRadius:2
13930.873

Matrix{[7.0709103E-7, -3.627245E-7, 48.96485][5.5878985E-7, 3.965133E-7, 59.96569][0.0, 0.0, 1.0]}
Matrix{[7.0709103E-7, -3.627245E-7, 48.96485][5.5878985E-7, 3.965133E-7, 59.96569][0.0, 0.0, 1.0]}


postRotate:1219
postTranslate:399
postSkew:730
postScale:572
Matrix{[NaN, NaN, NaN][NaN, NaN, NaN][0.0, 0.0, 1.0]}
preScale:434
preRotate:474
preTranslate:294
preSkew:374
Matrix{[NaN, NaN, NaN][NaN, NaN, NaN][0.0, 0.0, 1.0]}
mapPoints:6555
[NaN, NaN, NaN, NaN, NaN, NaN, NaN, NaN]
mapRect:9518
RectF(0.0, 0.0, 0.0, 0.0)
mapVectors:6306
Vector:[NaN, NaN, NaN, NaN]
mapRadius:479
NaN
invert:408
Matrix{[NaN, NaN, NaN][NaN, NaN, NaN][0.0, 0.0, 1.0]}


2.7G:
postRotate:148
postTranslate:30
postSkew:46
postScale:55
Matrix{[NaN, NaN, NaN][NaN, NaN, NaN][NaN, NaN, NaN]}
preScale:45
preRotate:105
preTranslate:37
preSkew:56
Matrix{[NaN, NaN, NaN][NaN, NaN, NaN][0.0, 0.0, 1.0]}
mapPoints:136
[NaN, NaN, NaN, NaN, NaN, NaN, NaN, NaN]
mapRect:149
RectF(NaN, NaN, NaN, NaN)
mapVectors:130
Vector:[NaN, NaN, NaN, NaN]
mapRadius:84
NaN
invert:89
Matrix{[NaN, NaN, NaN][NaN, NaN, NaN][0.0, 0.0, 1.0]}

1.0G:
postRotate:492
postTranslate:97
postSkew:151
postScale:179
Matrix{[NaN, NaN, NaN][NaN, NaN, NaN][NaN, NaN, NaN]}
preScale:142
preRotate:350
preTranslate:118
preSkew:183
Matrix{[NaN, NaN, NaN][NaN, NaN, NaN][0.0, 0.0, 1.0]}
mapPoints:482
[NaN, NaN, NaN, NaN, NaN, NaN, NaN, NaN]
mapRect:518
RectF(NaN, NaN, NaN, NaN)
mapVectors:437
Vector:[NaN, NaN, NaN, NaN]
mapRadius:277
NaN
invert:309
Matrix{[NaN, NaN, NaN][NaN, NaN, NaN][0.0, 0.0, 1.0]}

0.8G:
postRotate:635
postTranslate:124
postSkew:189
postScale:222
Matrix{[NaN, NaN, NaN][NaN, NaN, NaN][NaN, NaN, NaN]}
preScale:178
preRotate:435
preTranslate:150
preSkew:230
Matrix{[NaN, NaN, NaN][NaN, NaN, NaN][0.0, 0.0, 1.0]}
mapPoints:552
[NaN, NaN, NaN, NaN, NaN, NaN, NaN, NaN]
mapRect:496
RectF(NaN, NaN, NaN, NaN)
mapVectors:536
Vector:[NaN, NaN, NaN, NaN]
mapRadius:345
NaN
invert:377
Matrix{[NaN, NaN, NaN][NaN, NaN, NaN][0.0, 0.0, 1.0]}


Matrix{[0.008353456, -0.007047683, 49.67004][1.0614573E-4, 0.007891175, 12.201733][0.0, 0.0, 1.0]}
Matrix{[0.008353456, -0.007047683, 49.67004][1.0614573E-4, 0.007891175, 12.201733][0.0, 0.0, 1.0]}

Matrix{[7.464102, 4.928203, 940.38477][15.49038, -3.169873, 1933.9746][0.0, 0.0, 1.0]}
Matrix{[118.36763, 105.71525, -7169.235][-1.592186, 125.30184, -1449.8157][0.0, 0.0, 1.0]}
[-7169.235, -1449.8157, -3618.206, -1497.5813, -3997.7773, 2309.2395, -446.74854, 2261.4739]
RectF(-7169.235, -1609.0343, 15239.053, 11080.369)
Vector:[11836.763, -159.2186, 10571.524, 12530.185]
mapRadius:0
13930.873
invert:0
Matrix{[0.008353456, -0.007047683, 49.670048][1.0614573E-4, 0.007891175, 12.201733][0.0, 0.0, 1.0]}

Matrix{[7.464102, 4.928203, 940.38477][15.49038, -3.169873, 1933.9746][0.0, 0.0, 1.0]}
Matrix{[118.36763, 105.71525, -7169.2344][-1.592186, 125.30184, -1449.8157][0.0, 0.0, 1.0]}
[-7169.2344, -1449.8157, -3618.2056, -1497.5813, -3997.7769, 2309.2395, -446.74805, 2261.4739]
RectF(-7169.2344, -1609.0343, 15239.053, 11080.369)
Vector:[11836.763, -159.2186, 10571.524, 12530.185]
mapRadius:1
13930.873
invert:1
Matrix{[0.008353456, -0.007047683, 49.67004][1.0614573E-4, 0.007891175, 12.201733][0.0, 0.0, 1.0]}

Matrix{[0.7660444, -0.6427876, 49.97673][0.6427876, 0.7660444, -14.014675][0.0, 0.0, 1.0]}
Matrix{[0.7660444, -0.6427876, 149.97673][0.6427876, 0.7660444, 85.98532][0.0, 0.0, 1.0]}
Matrix{[2.0516195, 0.8893012, 261.9474][2.9409208, -1.1623183, 445.91553][0.0, 0.0, 1.0]}
Matrix{[8.206478, 3.5572047, 1047.7896][14.704604, -5.8115916, 2229.5776][0.0, 0.0, 1.0]}
Matrix{[41.03239, 21.343227, -1838.5278][73.52302, -34.86955, 1322.7139][0.0, 0.0, 1.0]}
Matrix{[42.736435, 17.685802, -1667.7103][70.20416, -41.144814, 1927.9253][0.0, 0.0, 1.0]}
Matrix{[42.736435, 17.685802, -459.2655][70.20416, -41.144814, 2509.1123][0.0, 0.0, 1.0]}
Matrix{[95.79384, 103.158676, -6000.4766][-53.230278, 99.26351, 1830.1567][0.0, 0.0, 1.0]}
Matrix{[0.0066175684, -0.006877246, 52.295002][0.0035486857, 0.006386257, 9.605954][0.0, 0.0, 1.0]}
[-6000.4766, 1830.1567, -3126.6614, 233.24841, -2905.7163, 4808.062, -31.901367, 3211.1538]
RectF(-6000.4766, -3492.871, 13894.773, 11756.508)
Vector:[9579.384, -5323.028, 10315.867, 9926.352]
12525.55

Matrix{[0.7660444, -0.6427876, 49.97673][0.6427876, 0.7660444, -14.014675][0.0, 0.0, 1.0]}
Matrix{[0.7660444, -0.6427876, 149.97673][0.6427876, 0.7660444, 85.98532][0.0, 0.0, 1.0]}
Matrix{[2.0516195, 0.8893012, 261.9474][2.9409208, -1.1623183, 445.91553][0.0, 0.0, 1.0]}
Matrix{[8.206478, 3.5572047, 1047.7896][14.704604, -5.8115916, 2229.5776][0.0, 0.0, 1.0]}
Matrix{[41.03239, 21.343227, -1838.5278][73.52302, -34.86955, 1322.7139][0.0, 0.0, 1.0]}
Matrix{[42.736435, 17.685802, -1667.7103][70.20416, -41.144814, 1927.9253][0.0, 0.0, 1.0]}
Matrix{[42.736435, 17.685802, -459.2655][70.20416, -41.144814, 2509.1123][0.0, 0.0, 1.0]}
Matrix{[95.79384, 103.158676, -6000.4766][-53.230278, 99.26351, 1830.157][0.0, 0.0, 1.0]}
Matrix{[0.0066175684, -0.006877246, 52.295006][0.0035486857, 0.006386257, 9.605953][0.0, 0.0, 1.0]}
[-6000.4766, 1830.157, -3126.6614, 233.24866, -2905.7163, 4808.0625, -31.901123, 3211.1543]
RectF(-6000.4766, -3492.8708, 13894.774, 11756.509)
Vector:[9579.384, -5323.028, 10315.867, 9926.352]
12525.55

postRotate:817
Matrix{[-0.6427875, -0.7660442, 114.01459][0.7660442, -0.6427875, 49.976753][0.0, 0.0, 1.0]}
postTranslate:498
Matrix{[-0.6427875, -0.7660442, 9.8684464E7][0.7660442, -0.6427875, 9.86844E7][0.0, 0.0, 1.0]}
postSkew:585
Matrix{[-Infinity, -Infinity, Infinity][-Infinity, -Infinity, Infinity][0.0, 0.0, 1.0]}
postScale:454
Matrix{[NaN, NaN, NaN][NaN, NaN, NaN][0.0, 0.0, 1.0]}
preScale:490
Matrix{[NaN, NaN, NaN][NaN, NaN, NaN][0.0, 0.0, 1.0]}
preRotate:534
Matrix{[NaN, NaN, NaN][NaN, NaN, NaN][0.0, 0.0, 1.0]}
preTranslate:271
Matrix{[NaN, NaN, NaN][NaN, NaN, NaN][0.0, 0.0, 1.0]}
preSkew:373
Matrix{[NaN, NaN, NaN][NaN, NaN, NaN][0.0, 0.0, 1.0]}
invert:339
Matrix{[NaN, NaN, NaN][NaN, NaN, NaN][0.0, 0.0, 1.0]}

postRotate:5763
android.graphics.skia.core.SkMatrix@41298f58
postTranslate:196
android.graphics.skia.core.SkMatrix@41298f58
postSkew:3782
android.graphics.skia.core.SkMatrix@41298f58
postScale:4388
android.graphics.skia.core.SkMatrix@41298f58
preScale:4967
android.graphics.skia.core.SkMatrix@41298f58
preRotate:5173
android.graphics.skia.core.SkMatrix@41298f58
preTranslate:341
android.graphics.skia.core.SkMatrix@41298f58
preSkew:5434
android.graphics.skia.core.SkMatrix@41298f58
invert:2941
android.graphics.skia.core.SkMatrix@41295348
mapPoints:9
[0.0, 0.0, 30.0, 0.0, 0.0, 30.0, 30.0, 30.0]
mapRect:11
RectF(0.0, 100.0, 100.0, 0.0)
mapVectors:9
Vector:[100.0, 0.0, 0.0, 100.0]
mapRadius:8618
NaN

Rect(0, 0 - 0, 0)
Rect(0, 0 - 0, 0)
Rect(0, -3 - 13, 9)
Rect(0, 0 - 0, 0)
Rect(0, -34 - 128, 94)
Rect(9, -5 - 116, 94)

Rect(0, 0 - 0, 0)
Rect(0, 0 - 0, 0)
Rect(0, -2 - 13, 9)
Rect(0, 0 - 0, 0)
Rect(0, -33 - 128, 94)
Rect(0, -33 - 128, 94)

Rect(0, 0 - 0, 0)
Rect(0, 0 - 0, 0)
Rect(0, -3 - 13, 9)
Rect(0, 0 - 0, 0)
Rect(0, -34 - 128, 94)
Rect(9, -5 - 116, 94)


Rect(0, 0 - 0, 0)
Rect(0, 0 - 0, 0)
Rect(0, 0 - 10, 10)
Rect(0, 0 - 0, 0)
Rect(0, 0 - 100, 100)
Rect(20, 20 - 100, 100)


Rect(-14, -14 - 114, 114)
Rect(9, 10 - 60, 60)

Rect(-14, -14 - 114, 114)
Rect(-14, -14 - 114, 114)


[25.665216, 15.246321, 55.20945, 20.455767, 50.0, 50.0, 20.45577, 44.790554]
[25.665216, 15.246321, 55.209446, 20.455767, 50.0, 50.0, 20.45577, 44.790554]



^.*System.out\(\d*\):\s*